7.545
28.51
8.395
1.914
5.376
15.449
7.414
0.74
9.135
0.132
25.859
4.481
6.792
4.94
6.003
12.244
9.001
36.018
16.383
34.043
0.755
0.676
7.652
4.546
16.47
27.78
13.637
17.312
19.757
12.442
10.241
0.753
1.322
3.234
0.192
8.634
1.725
0.686
1.583
4.709
11.071
3.64
7.254
8.884
1.564
8.111
4.061
1.32
0.138
2.992
1.866
7.128
10.96
2.315
4.808
8.413
11.102
6.322
1.187
6.801
5.956
1.003
1.549
1.018
2.246
1.6
6.477
2.296
1.544
7.187
3.948
2.522
2.897
0.371
4.04
0.886
0.324
11.141
4.321
29.377
11.721
2.089
0.007
3.663
0.009
8.786
12.855
6.793
1.221
0.785
0.42
5.721
7.438
3.969
1.773
8.839
0.375
1.752
4.619
0.561
15.485
3.207
1.424
0.36
2.697
1.684
9.741
3.556
0.612
3.09
1.859
8.805
6.251
1.426
14.694
0.919
4.089
0.743
2.186
0.312
1.623
0.629
3.613
0.598
5.836
5.76
4.578
5.608
0.146
7.019
7.836
3.594
0.427
7.654
1.649
3.326
11.206
0.376
6.569
3.869
14.353
6.87
14.531
1.657
7
8.659
0.804
4.476
6.619
1.911
0.9
0.373
3.367
3.258
3.95
5.176
1.535
2.818
6.662
4.245
0.441
10.877
17.239
2.265
2.853
7.578
0.9
7.837
0.285
5.042
1.646
0.518
4.416
1.569
7.919
6.444
0.209
2.673
6.475
0.102
0.246
18.978
0.417
0.363
4.609
3.354
5.399
0.342
2.435
1.617
2.062
1.306
1.619
4.101
0.726
